base: 0
numberdeck: 5
width: 0 heigh: 0
deck: [0,0]  x: 0 y: 0
[14,5] [14,5] [14,5] [14,5] [14,5] [14,5] [14,5] [14,5] [14,5] [14,5] 
[14,5] [14,5] [14,5] [10,5] [14,5] [14,5] [14,5] [14,5] [14,5] [14,5] 
[14,5] [14,5] [14,5] [11,5] [14,5] [14,5] [14,5] [14,5] [14,5] [14,5] 
[14,5] [14,5] [14,5] [12,5] [14,5] [14,5] [14,5] [14,5] [14,5] [14,5] 
[14,5] [14,5] [14,5] [13,5] [14,5] [14,5] [14,5] [14,5] [14,5] [14,5] 
[14,5] [14,5] [14,5] [14,5] ______ [1,1] ______ ______ ______ ______ 
______ ______ ______ [1,1] ______ ______ ______ ______ ______ ______ 
